xflr5 v6.62

Plane Name
T1-75.0 m/s-Panel
QInf  =   75.000000 m/s
Alpha =    5.000000
Beta  =    0.000°
Phi   =    0.000°
Ctrl  =    0.000
CL    =    0.703145
Cy    =    0.000000
Cd    =    0.018719     ICd   =    0.012806     PCd   =    0.005913
Cl   = 7.69553e-16
Cm   =   -0.207412
ICn   =    0.000000     PCn   =    0.000000 
XCP   =    0.370736     YCP   =   -0.000000     ZCP   =    0.194133  
XNP   =    0.000000
Bending = 95400.480230

Main Wing
  y-span        Chord      Ai         Cl        PCd          ICd        CmGeom    CmAirf@chord/4    XTrtop    XTrBot      XCP       BM
   -7.3743     1.1313    -2.227    0.641186    0.005849    0.024936   -0.201383    0.000304     0.1716    0.9145    0.2448    0.0000
   -6.1382     1.1931    -1.419    0.731194    0.006022    0.018104   -0.230836   -0.006411     0.1601    0.9414    0.2539   3943.7759
   -4.9480     1.2526    -1.041    0.735504    0.005969    0.013357   -0.226114   -0.008694     0.1585    0.9384    0.2569   12195.1155
   -3.8329     1.3084    -0.841    0.717647    0.005864    0.010520   -0.214124   -0.009704     0.1592    0.9278    0.2586   24111.8821
   -2.8204     1.3590    -0.724    0.694721    0.005756    0.008756   -0.201638   -0.010253     0.1606    0.9150    0.2598   38507.2577
   -1.9355     1.4032    -0.651    0.672880    0.005661    0.007622   -0.190784   -0.010621     0.1624    0.9015    0.2608   53891.4748
   -1.1999     1.4400    -0.605    0.654608    0.005586    0.006870   -0.182237   -0.010925     0.1639    0.8896    0.2617   68669.3822
   -0.6317     1.4684    -0.581    0.640911    0.005530    0.006416   -0.176247   -0.011249     0.1651    0.8804    0.2625   81317.8814
   -0.2450     1.4877    -0.590    0.631133    0.005495    0.006271   -0.172786   -0.011574     0.1659    0.8734    0.2632   90541.7444
   -0.0492     1.4975    -0.651    0.615918    0.005459    0.005894   -0.171395   -0.011631     0.1676    0.8646    0.2634   95400.4802
    0.0492     1.4975    -0.651    0.615918    0.005459    0.005894   -0.171395   -0.011631     0.1676    0.8646    0.2634   95400.4802
    0.2450     1.4877    -0.590    0.631133    0.005495    0.006271   -0.172786   -0.011574     0.1659    0.8734    0.2632   90541.7444
    0.6317     1.4684    -0.581    0.640911    0.005530    0.006416   -0.176247   -0.011249     0.1651    0.8804    0.2625   81317.8814
    1.1999     1.4400    -0.605    0.654608    0.005586    0.006870   -0.182237   -0.010925     0.1639    0.8896    0.2617   68669.3822
    1.9355     1.4032    -0.651    0.672880    0.005661    0.007622   -0.190784   -0.010621     0.1624    0.9015    0.2608   53891.4748
    2.8204     1.3590    -0.724    0.694721    0.005756    0.008756   -0.201638   -0.010253     0.1606    0.9150    0.2598   38507.2577
    3.8329     1.3084    -0.841    0.717647    0.005864    0.010520   -0.214124   -0.009704     0.1592    0.9278    0.2586   24111.8821
    4.9480     1.2526    -1.041    0.735504    0.005969    0.013357   -0.226114   -0.008694     0.1585    0.9384    0.2569   12195.1155
    6.1382     1.1931    -1.419    0.731194    0.006022    0.018104   -0.230836   -0.006411     0.1601    0.9414    0.2539   3943.7759
    7.3743     1.1313    -2.227    0.641186    0.005849    0.024936   -0.201383    0.000304     0.1716    0.9145    0.2448    0.0000


Main Wing Cp Coefficients
 Panel     CtrlPt.x        CtrlPt.y        CtrlPt.z       Nx      Ny       Nz        Area       Cp
Main WingCp Coefficients
Strip 1
  15       1.189e+00      -7.371e+00       2.150e-01           0.183          -0.037          -0.982       1.572e-02          0.1698
  16       1.164e+00      -7.371e+00       2.126e-01           0.067          -0.033          -0.997       4.578e-02          0.1466
  17       1.116e+00      -7.371e+00       2.097e-01           0.060          -0.033          -0.998       7.404e-02          0.1151
  18       1.047e+00      -7.372e+00       2.058e-01           0.051          -0.033          -0.998       9.904e-02          0.0762
  19       9.601e-01      -7.372e+00       2.019e-01           0.041          -0.033          -0.999       1.197e-01          0.0471
  20       8.583e-01      -7.372e+00       1.984e-01           0.029          -0.034          -0.999       1.351e-01          0.0272
  21       7.466e-01      -7.372e+00       1.961e-01           0.014          -0.035          -0.999       1.446e-01          0.0149
  22       6.298e-01      -7.372e+00       1.956e-01          -0.006          -0.035          -0.999       1.479e-01          0.0115
  23       5.130e-01      -7.372e+00       1.979e-01          -0.033          -0.036          -0.999       1.447e-01          0.0224
  24       4.013e-01      -7.371e+00       2.037e-01          -0.071          -0.036          -0.997       1.354e-01          0.0604
  25       2.996e-01      -7.371e+00       2.133e-01          -0.120          -0.037          -0.992       1.205e-01          0.1530
  26       2.123e-01      -7.371e+00       2.250e-01          -0.149          -0.037          -0.988       1.000e-01          0.2836
  27       1.432e-01      -7.370e+00       2.359e-01          -0.166          -0.038          -0.985       7.496e-02          0.4167
  28       9.547e-02      -7.370e+00       2.465e-01          -0.294          -0.038          -0.955       4.779e-02          0.6518
  29       7.104e-02      -7.370e+00       2.607e-01          -0.811          -0.029          -0.585       2.639e-02          0.9876
  30       7.104e-02      -7.369e+00       2.807e-01          -0.881           0.010           0.472       3.271e-02         -0.7489
  31       9.547e-02      -7.368e+00       3.043e-01          -0.552           0.025           0.834       5.476e-02         -1.5207
  32       1.432e-01      -7.368e+00       3.257e-01          -0.302           0.030           0.953       7.750e-02         -1.5977
  33       2.123e-01      -7.367e+00       3.391e-01          -0.102           0.032           0.994       9.938e-02         -1.3685
  34       2.996e-01      -7.367e+00       3.425e-01           0.014           0.032           0.999       1.195e-01         -0.9976
  35       4.013e-01      -7.367e+00       3.382e-01           0.067           0.030           0.997       1.353e-01         -0.7186
  36       5.130e-01      -7.368e+00       3.285e-01           0.104           0.029           0.994       1.453e-01         -0.5337
  37       6.298e-01      -7.368e+00       3.147e-01           0.131           0.028           0.991       1.490e-01         -0.3929
  38       7.466e-01      -7.369e+00       2.981e-01           0.150           0.026           0.988       1.462e-01         -0.2798
  39       8.583e-01      -7.369e+00       2.804e-01           0.164           0.025           0.986       1.369e-01         -0.1846
  40       9.601e-01      -7.370e+00       2.628e-01           0.176           0.024           0.984       1.215e-01         -0.0992
  41       1.047e+00      -7.370e+00       2.468e-01           0.186           0.022           0.982       1.007e-01         -0.0164
  42       1.116e+00      -7.371e+00       2.335e-01           0.195           0.022           0.981       7.534e-02          0.0694
  43       1.164e+00      -7.371e+00       2.239e-01           0.201           0.021           0.979       4.663e-02          0.1430
  44       1.189e+00      -7.371e+00       2.182e-01           0.308           0.015           0.951       1.624e-02          0.2472
Strip 2
  45       1.239e+00      -6.136e+00       1.783e-01           0.192          -0.037          -0.981       1.620e-02          0.1744
  46       1.214e+00      -6.136e+00       1.756e-01           0.076          -0.033          -0.997       4.714e-02          0.1510
  47       1.163e+00      -6.136e+00       1.719e-01           0.070          -0.033          -0.997       7.624e-02          0.1224
  48       1.090e+00      -6.136e+00       1.672e-01           0.061          -0.033          -0.998       1.020e-01          0.0862
  49       9.983e-01      -6.136e+00       1.621e-01           0.051          -0.034          -0.998       1.232e-01          0.0597
  50       8.910e-01      -6.136e+00       1.573e-01           0.038          -0.034          -0.999       1.391e-01          0.0422
  51       7.732e-01      -6.136e+00       1.537e-01           0.023          -0.035          -0.999       1.488e-01          0.0328
  52       6.500e-01      -6.136e+00       1.521e-01           0.004          -0.035          -0.999       1.521e-01          0.0328
  53       5.267e-01      -6.136e+00       1.533e-01          -0.023          -0.036          -0.999       1.488e-01          0.0482
  54       4.089e-01      -6.136e+00       1.581e-01          -0.061          -0.036          -0.997       1.392e-01          0.0917
  55       3.016e-01      -6.136e+00       1.672e-01          -0.110          -0.037          -0.993       1.238e-01          0.1898
  56       2.095e-01      -6.135e+00       1.787e-01          -0.140          -0.037          -0.989       1.028e-01          0.3265
  57       1.367e-01      -6.135e+00       1.895e-01          -0.156          -0.038          -0.987       7.700e-02          0.4719
  58       8.627e-02      -6.135e+00       2.001e-01          -0.285          -0.038          -0.958       4.904e-02          0.7266
  59       6.051e-02      -6.134e+00       2.148e-01          -0.808          -0.029          -0.588       2.702e-02          0.9530
  60       6.051e-02      -6.134e+00       2.360e-01          -0.882           0.010           0.470       3.378e-02         -1.0469
  61       8.627e-02      -6.133e+00       2.611e-01          -0.558           0.025           0.830       5.660e-02         -1.7428
  62       1.367e-01      -6.133e+00       2.842e-01          -0.311           0.030           0.950       7.997e-02         -1.7670
  63       2.095e-01      -6.132e+00       2.991e-01          -0.112           0.032           0.993       1.024e-01         -1.5063
  64       3.016e-01      -6.132e+00       3.035e-01           0.004           0.032           0.999       1.230e-01         -1.1088
  65       4.089e-01      -6.132e+00       3.001e-01           0.057           0.030           0.998       1.391e-01         -0.8109
  66       5.267e-01      -6.133e+00       2.910e-01           0.094           0.029           0.995       1.494e-01         -0.6118
  67       6.500e-01      -6.133e+00       2.776e-01           0.121           0.028           0.992       1.532e-01         -0.4576
  68       7.732e-01      -6.133e+00       2.614e-01           0.140           0.026           0.990       1.502e-01         -0.3313
  69       8.910e-01      -6.134e+00       2.438e-01           0.155           0.025           0.988       1.406e-01         -0.2238
  70       9.983e-01      -6.134e+00       2.264e-01           0.167           0.024           0.986       1.248e-01         -0.1273
  71       1.090e+00      -6.135e+00       2.104e-01           0.177           0.023           0.984       1.034e-01         -0.0351
  72       1.163e+00      -6.135e+00       1.971e-01           0.185           0.022           0.982       7.738e-02          0.0582
  73       1.214e+00      -6.135e+00       1.875e-01           0.191           0.021           0.981       4.788e-02          0.1375
  74       1.239e+00      -6.136e+00       1.817e-01           0.300           0.016           0.954       1.666e-02          0.2439
Strip 3
  75       1.288e+00      -4.946e+00       1.430e-01           0.200          -0.037          -0.979       1.619e-02          0.1758
  76       1.261e+00      -4.946e+00       1.399e-01           0.085          -0.033          -0.996       4.707e-02          0.1509
  77       1.208e+00      -4.946e+00       1.356e-01           0.078          -0.033          -0.996       7.611e-02          0.1226
  78       1.132e+00      -4.946e+00       1.300e-01           0.070          -0.034          -0.997       1.018e-01          0.0867
  79       1.035e+00      -4.946e+00       1.238e-01           0.059          -0.034          -0.998       1.230e-01          0.0605
  80       9.225e-01      -4.946e+00       1.178e-01           0.047          -0.034          -0.998       1.388e-01          0.0433
  81       7.988e-01      -4.946e+00       1.130e-01           0.032          -0.035          -0.999       1.485e-01          0.0339
  82       6.694e-01      -4.946e+00       1.101e-01           0.012          -0.035          -0.999       1.518e-01          0.0338
  83       5.400e-01      -4.946e+00       1.103e-01          -0.015          -0.036          -0.999       1.485e-01          0.0489
  84       4.162e-01      -4.946e+00       1.143e-01          -0.052          -0.036          -0.998       1.389e-01          0.0916
  85       3.035e-01      -4.946e+00       1.228e-01          -0.102          -0.037          -0.994       1.234e-01          0.1886
  86       2.068e-01      -4.946e+00       1.341e-01          -0.131          -0.037          -0.991       1.024e-01          0.3243
  87       1.303e-01      -4.945e+00       1.448e-01          -0.148          -0.038          -0.988       7.673e-02          0.4686
  88       7.742e-02      -4.945e+00       1.555e-01          -0.277          -0.038          -0.960       4.881e-02          0.7230
  89       5.037e-02      -4.945e+00       1.707e-01          -0.807          -0.029          -0.590       2.684e-02          0.9548
  90       5.037e-02      -4.944e+00       1.929e-01          -0.883           0.009           0.469       3.382e-02         -1.0378
  91       7.742e-02      -4.944e+00       2.195e-01          -0.562           0.025           0.827       5.669e-02         -1.7267
  92       1.303e-01      -4.943e+00       2.442e-01          -0.318           0.030           0.948       7.999e-02         -1.7606
  93       2.068e-01      -4.943e+00       2.605e-01          -0.120           0.032           0.992       1.022e-01         -1.5095
  94       3.035e-01      -4.943e+00       2.660e-01          -0.005           0.032           0.999       1.227e-01         -1.1171
  95       4.162e-01      -4.943e+00       2.633e-01           0.049           0.031           0.998       1.387e-01         -0.8207
  96       5.400e-01      -4.943e+00       2.549e-01           0.086           0.029           0.996       1.489e-01         -0.6220
  97       6.694e-01      -4.944e+00       2.420e-01           0.113           0.028           0.993       1.527e-01         -0.4674
  98       7.988e-01      -4.944e+00       2.260e-01           0.132           0.027           0.991       1.497e-01         -0.3402
  99       9.225e-01      -4.945e+00       2.087e-01           0.147           0.025           0.989       1.401e-01         -0.2314
 100       1.035e+00      -4.945e+00       1.913e-01           0.158           0.024           0.987       1.243e-01         -0.1336
 101       1.132e+00      -4.945e+00       1.754e-01           0.168           0.023           0.985       1.030e-01         -0.0400
 102       1.208e+00      -4.946e+00       1.620e-01           0.177           0.022           0.984       7.708e-02          0.0546
 103       1.261e+00      -4.946e+00       1.524e-01           0.183           0.022           0.983       4.770e-02          0.1347
 104       1.288e+00      -4.946e+00       1.465e-01           0.292           0.016           0.956       1.658e-02          0.2405
Strip 4
 105       1.334e+00      -3.831e+00       1.099e-01           0.207          -0.038          -0.978       1.563e-02          0.1764
 106       1.306e+00      -3.831e+00       1.065e-01           0.092          -0.034          -0.995       4.541e-02          0.1498
 107       1.251e+00      -3.831e+00       1.016e-01           0.086          -0.034          -0.996       7.343e-02          0.1209
 108       1.171e+00      -3.831e+00       9.510e-02           0.077          -0.034          -0.996       9.820e-02          0.0845
 109       1.070e+00      -3.832e+00       8.789e-02           0.066          -0.034          -0.997       1.186e-01          0.0576
 110       9.520e-01      -3.832e+00       8.081e-02           0.054          -0.035          -0.998       1.339e-01          0.0396
 111       8.227e-01      -3.832e+00       7.478e-02           0.039          -0.035          -0.999       1.433e-01          0.0292
 112       6.875e-01      -3.832e+00       7.080e-02           0.020          -0.036          -0.999       1.464e-01          0.0278
 113       5.523e-01      -3.832e+00       6.995e-02          -0.007          -0.036          -0.999       1.432e-01          0.0411
 114       4.231e-01      -3.831e+00       7.325e-02          -0.045          -0.037          -0.998       1.338e-01          0.0818
 115       3.053e-01      -3.831e+00       8.130e-02          -0.095          -0.037          -0.995       1.189e-01          0.1764
 116       2.043e-01      -3.831e+00       9.227e-02          -0.124          -0.037          -0.992       9.868e-02          0.3096
 117       1.244e-01      -3.831e+00       1.029e-01          -0.141          -0.038          -0.989       7.390e-02          0.4498
 118       6.912e-02      -3.831e+00       1.137e-01          -0.271          -0.038          -0.962       4.697e-02          0.6988
 119       4.086e-02      -3.830e+00       1.293e-01          -0.805          -0.029          -0.593       2.579e-02          0.9679
 120       4.086e-02      -3.830e+00       1.525e-01          -0.884           0.009           0.467       3.270e-02         -0.9457
 121       6.912e-02      -3.830e+00       1.805e-01          -0.566           0.025           0.824       5.484e-02         -1.6504
 122       1.244e-01      -3.829e+00       2.068e-01          -0.324           0.030           0.946       7.730e-02         -1.7110
 123       2.043e-01      -3.829e+00       2.243e-01          -0.127           0.032           0.991       9.865e-02         -1.4803
 124       3.053e-01      -3.829e+00       2.309e-01          -0.012           0.032           0.999       1.183e-01         -1.1012
 125       4.231e-01      -3.829e+00       2.289e-01           0.041           0.031           0.999       1.337e-01         -0.8120
 126       5.523e-01      -3.829e+00       2.211e-01           0.079           0.029           0.996       1.435e-01         -0.6172
 127       6.875e-01      -3.830e+00       2.085e-01           0.105           0.028           0.994       1.471e-01         -0.4651
 128       8.227e-01      -3.830e+00       1.929e-01           0.125           0.027           0.992       1.442e-01         -0.3394
 129       9.520e-01      -3.830e+00       1.757e-01           0.139           0.026           0.990       1.349e-01         -0.2316
 130       1.070e+00      -3.831e+00       1.584e-01           0.151           0.024           0.988       1.197e-01         -0.1344
 131       1.171e+00      -3.831e+00       1.425e-01           0.161           0.023           0.987       9.918e-02         -0.0411
 132       1.251e+00      -3.831e+00       1.292e-01           0.170           0.023           0.985       7.422e-02          0.0532
 133       1.306e+00      -3.831e+00       1.195e-01           0.176           0.022           0.984       4.592e-02          0.1331
 134       1.334e+00      -3.831e+00       1.136e-01           0.286           0.017           0.958       1.596e-02          0.2377
Strip 5
 135       1.376e+00      -2.819e+00       7.989e-02           0.213          -0.038          -0.976       1.450e-02          0.1769
 136       1.346e+00      -2.819e+00       7.611e-02           0.098          -0.034          -0.995       4.210e-02          0.1486
 137       1.289e+00      -2.819e+00       7.067e-02           0.092          -0.034          -0.995       6.807e-02          0.1189
 138       1.206e+00      -2.819e+00       6.344e-02           0.083          -0.034          -0.996       9.103e-02          0.0817
 139       1.101e+00      -2.819e+00       5.531e-02           0.073          -0.034          -0.997       1.100e-01          0.0539
 140       9.788e-01      -2.819e+00       4.720e-02           0.060          -0.035          -0.998       1.241e-01          0.0348
 141       8.445e-01      -2.819e+00       4.010e-02           0.045          -0.035          -0.998       1.328e-01          0.0231
 142       7.040e-01      -2.819e+00       3.511e-02           0.026          -0.036          -0.999       1.356e-01          0.0202
 143       5.636e-01      -2.819e+00       3.337e-02          -0.001          -0.036          -0.999       1.326e-01          0.0315
 144       4.293e-01      -2.819e+00       3.596e-02          -0.039          -0.037          -0.999       1.240e-01          0.0698
 145       3.070e-01      -2.819e+00       4.358e-02          -0.088          -0.037          -0.995       1.101e-01          0.1618
 146       2.020e-01      -2.819e+00       5.433e-02          -0.118          -0.037          -0.992       9.136e-02          0.2923
 147       1.190e-01      -2.819e+00       6.482e-02          -0.135          -0.038          -0.990       6.841e-02          0.4275
 148       6.159e-02      -2.819e+00       7.569e-02          -0.265          -0.038          -0.963       4.345e-02          0.6690
 149       3.223e-02      -2.819e+00       9.176e-02          -0.804          -0.029          -0.594       2.382e-02          0.9805
 150       3.223e-02      -2.818e+00       1.159e-01          -0.885           0.009           0.466       3.037e-02         -0.8389
 151       6.159e-02      -2.818e+00       1.452e-01          -0.570           0.024           0.821       5.095e-02         -1.5643
 152       1.190e-01      -2.818e+00       1.728e-01          -0.329           0.030           0.944       7.175e-02         -1.6537
 153       2.020e-01      -2.818e+00       1.915e-01          -0.133           0.032           0.991       9.147e-02         -1.4445
 154       3.070e-01      -2.818e+00       1.990e-01          -0.018           0.032           0.999       1.096e-01         -1.0800
 155       4.293e-01      -2.818e+00       1.977e-01           0.035           0.031           0.999       1.238e-01         -0.7986
 156       5.636e-01      -2.818e+00       1.904e-01           0.073           0.029           0.997       1.329e-01         -0.6086
 157       7.040e-01      -2.818e+00       1.782e-01           0.099           0.028           0.995       1.362e-01         -0.4595
 158       8.445e-01      -2.818e+00       1.628e-01           0.119           0.027           0.993       1.335e-01         -0.3359
 159       9.788e-01      -2.818e+00       1.458e-01           0.133           0.026           0.991       1.249e-01         -0.2295
 160       1.101e+00      -2.819e+00       1.286e-01           0.145           0.025           0.989       1.108e-01         -0.1333
 161       1.206e+00      -2.819e+00       1.127e-01           0.155           0.024           0.988       9.180e-02         -0.0408
 162       1.289e+00      -2.819e+00       9.932e-02           0.164           0.023           0.986       6.869e-02          0.0528
 163       1.346e+00      -2.819e+00       8.963e-02           0.170           0.022           0.985       4.250e-02          0.1320
 164       1.376e+00      -2.819e+00       8.367e-02           0.280           0.017           0.960       1.476e-02          0.2354
Strip 6
 165       1.412e+00      -1.935e+00       5.363e-02           0.217          -0.038          -0.975       1.281e-02          0.1773
 166       1.382e+00      -1.935e+00       4.957e-02           0.103          -0.034          -0.994       3.715e-02          0.1475
 167       1.323e+00      -1.935e+00       4.366e-02           0.097          -0.034          -0.995       6.007e-02          0.1171
 168       1.237e+00      -1.935e+00       3.577e-02           0.088          -0.034          -0.996       8.032e-02          0.0791
 169       1.128e+00      -1.935e+00       2.683e-02           0.078          -0.034          -0.996       9.703e-02          0.0505
 170       1.002e+00      -1.935e+00       1.782e-02           0.065          -0.035          -0.997       1.095e-01          0.0303
 171       8.635e-01      -1.935e+00       9.799e-03           0.050          -0.035          -0.998       1.171e-01          0.0174
 172       7.185e-01      -1.935e+00       3.913e-03           0.031          -0.036          -0.999       1.196e-01          0.0129
 173       5.734e-01      -1.935e+00       1.386e-03           0.004          -0.036          -0.999       1.170e-01          0.0224
 174       4.347e-01      -1.935e+00       3.376e-03          -0.034          -0.037          -0.999       1.093e-01          0.0584
 175       3.084e-01      -1.935e+00       1.060e-02          -0.083          -0.037          -0.996       9.708e-02          0.1480
 176       2.000e-01      -1.935e+00       2.116e-02          -0.113          -0.037          -0.993       8.053e-02          0.2759
 177       1.143e-01      -1.934e+00       3.157e-02          -0.130          -0.038          -0.991       6.030e-02          0.4062
 178       5.501e-02      -1.934e+00       4.250e-02          -0.261          -0.038          -0.965       3.827e-02          0.6398
 179       2.469e-02      -1.934e+00       5.894e-02          -0.803          -0.029          -0.596       2.096e-02          0.9895
 180       2.469e-02      -1.934e+00       8.384e-02          -0.885           0.009           0.465       2.684e-02         -0.7415
 181       5.501e-02      -1.934e+00       1.142e-01          -0.573           0.024           0.820       4.504e-02         -1.4863
 182       1.143e-01      -1.934e+00       1.430e-01          -0.333           0.030           0.942       6.338e-02         -1.6012
 183       2.000e-01      -1.934e+00       1.628e-01          -0.138           0.032           0.990       8.073e-02         -1.4111
 184       3.084e-01      -1.934e+00       1.711e-01          -0.023           0.032           0.999       9.670e-02         -1.0597
 185       4.347e-01      -1.934e+00       1.704e-01           0.030           0.031           0.999       1.092e-01         -0.7856
 186       5.734e-01      -1.934e+00       1.635e-01           0.068           0.030           0.997       1.172e-01         -0.5999
 187       7.185e-01      -1.934e+00       1.517e-01           0.094           0.028           0.995       1.200e-01         -0.4536
 188       8.635e-01      -1.934e+00       1.365e-01           0.114           0.027           0.993       1.177e-01         -0.3319
 189       1.002e+00      -1.934e+00       1.196e-01           0.129           0.026           0.991       1.101e-01         -0.2270
 190       1.128e+00      -1.934e+00       1.025e-01           0.140           0.025           0.990       9.766e-02         -0.1319
 191       1.237e+00      -1.934e+00       8.663e-02           0.151           0.024           0.988       8.090e-02         -0.0402
 192       1.323e+00      -1.935e+00       7.325e-02           0.159           0.023           0.987       6.054e-02          0.0527
 193       1.382e+00      -1.935e+00       6.354e-02           0.166           0.022           0.986       3.746e-02          0.1314
 194       1.412e+00      -1.935e+00       5.754e-02           0.276           0.017           0.961       1.300e-02          0.2337
Strip 7
 195       1.442e+00      -1.199e+00       3.181e-02           0.221          -0.038          -0.975       1.058e-02          0.1776
 196       1.411e+00      -1.199e+00       2.752e-02           0.107          -0.034          -0.994       3.069e-02          0.1468
 197       1.350e+00      -1.199e+00       2.121e-02           0.101          -0.034          -0.994       4.962e-02          0.1158
 198       1.262e+00      -1.199e+00       1.277e-02           0.092          -0.034          -0.995       6.635e-02          0.0771
 199       1.151e+00      -1.199e+00       3.149e-03           0.081          -0.035          -0.996       8.015e-02          0.0478
 200       1.022e+00      -1.199e+00      -6.604e-03           0.069          -0.035          -0.997       9.042e-02          0.0267
 201       8.793e-01      -1.199e+00      -1.539e-02           0.054          -0.035          -0.998       9.673e-02          0.0127
 202       7.304e-01      -1.199e+00      -2.202e-02           0.035          -0.036          -0.999       9.880e-02          0.0070
 203       5.816e-01      -1.199e+00      -2.520e-02           0.008          -0.036          -0.999       9.659e-02          0.0148
 204       4.392e-01      -1.199e+00      -2.371e-02          -0.030          -0.037          -0.999       9.025e-02          0.0489
 205       3.096e-01      -1.199e+00      -1.681e-02          -0.080          -0.037          -0.996       8.014e-02          0.1365
 206       1.984e-01      -1.199e+00      -6.404e-03          -0.109          -0.037          -0.993       6.647e-02          0.2620
 207       1.104e-01      -1.199e+00       3.927e-03          -0.126          -0.038          -0.991       4.977e-02          0.3881
 208       4.954e-02      -1.199e+00       1.491e-02          -0.257          -0.038          -0.966       3.157e-02          0.6141
 209       1.842e-02      -1.199e+00       3.166e-02          -0.802          -0.029          -0.597       1.727e-02          0.9949
 210       1.842e-02      -1.199e+00       5.721e-02          -0.885           0.009           0.465       2.220e-02         -0.6620
 211       4.954e-02      -1.199e+00       8.853e-02          -0.575           0.024           0.818       3.726e-02         -1.4226
 212       1.104e-01      -1.199e+00       1.183e-01          -0.337           0.030           0.941       5.240e-02         -1.5583
 213       1.984e-01      -1.199e+00       1.390e-01          -0.142           0.032           0.989       6.670e-02         -1.3838
 214       3.096e-01      -1.199e+00       1.479e-01          -0.027           0.032           0.999       7.985e-02         -1.0431
 215       4.392e-01      -1.199e+00       1.477e-01           0.026           0.031           0.999       9.017e-02         -0.7750
 216       5.816e-01      -1.199e+00       1.412e-01           0.064           0.030           0.998       9.671e-02         -0.5927
 217       7.304e-01      -1.199e+00       1.296e-01           0.091           0.028           0.995       9.908e-02         -0.4487
 218       8.793e-01      -1.199e+00       1.147e-01           0.110           0.027           0.994       9.711e-02         -0.3286
 219       1.022e+00      -1.199e+00       9.787e-02           0.125           0.026           0.992       9.086e-02         -0.2247
 220       1.151e+00      -1.199e+00       8.083e-02           0.137           0.025           0.990       8.059e-02         -0.1305
 221       1.262e+00      -1.199e+00       6.497e-02           0.147           0.024           0.989       6.676e-02         -0.0395
 222       1.350e+00      -1.199e+00       5.158e-02           0.155           0.023           0.988       4.995e-02          0.0529
 223       1.411e+00      -1.199e+00       4.185e-02           0.162           0.023           0.987       3.091e-02          0.1310
 224       1.442e+00      -1.199e+00       3.581e-02           0.272           0.017           0.962       1.072e-02          0.2324
Strip 8
 225       1.466e+00      -6.315e-01       1.495e-02           0.224          -0.038          -0.974       7.910e-03          0.1782
 226       1.434e+00      -6.315e-01       1.048e-02           0.110          -0.034          -0.993       2.293e-02          0.1466
 227       1.372e+00      -6.315e-01       3.870e-03           0.103          -0.034          -0.994       3.707e-02          0.1152
 228       1.282e+00      -6.315e-01      -5.002e-03           0.095          -0.034          -0.995       4.957e-02          0.0761
 229       1.169e+00      -6.315e-01      -1.514e-02           0.084          -0.035          -0.996       5.988e-02          0.0462
 230       1.037e+00      -6.315e-01      -2.547e-02           0.072          -0.035          -0.997       6.755e-02          0.0246
 231       8.915e-01      -6.315e-01      -3.485e-02           0.057          -0.035          -0.998       7.226e-02          0.0098
 232       7.397e-01      -6.315e-01      -4.205e-02           0.038          -0.036          -0.999       7.381e-02          0.0029
 233       5.879e-01      -6.315e-01      -4.573e-02           0.011          -0.036          -0.999       7.215e-02          0.0094
 234       4.427e-01      -6.315e-01      -4.464e-02          -0.027          -0.037          -0.999       6.740e-02          0.0418
 235       3.105e-01      -6.315e-01      -3.798e-02          -0.077          -0.037          -0.996       5.984e-02          0.1276
 236       1.971e-01      -6.314e-01      -2.770e-02          -0.106          -0.037          -0.994       4.963e-02          0.2511
 237       1.074e-01      -6.314e-01      -1.742e-02          -0.123          -0.038          -0.992       3.716e-02          0.3736
 238       4.531e-02      -6.314e-01      -6.402e-03          -0.255          -0.038          -0.966       2.356e-02          0.5935
 239       1.358e-02      -6.314e-01       1.059e-02          -0.801          -0.029          -0.598       1.288e-02          0.9977
 240       1.358e-02      -6.313e-01       3.664e-02          -0.886           0.009           0.464       1.660e-02         -0.6015
 241       4.531e-02      -6.312e-01       6.868e-02          -0.576           0.024           0.817       2.787e-02         -1.3750
 242       1.074e-01      -6.312e-01       9.924e-02          -0.339           0.030           0.940       3.917e-02         -1.5270
 243       1.971e-01      -6.311e-01       1.206e-01          -0.145           0.032           0.989       4.984e-02         -1.3647
 244       3.105e-01      -6.311e-01       1.300e-01          -0.030           0.032           0.999       5.965e-02         -1.0321
 245       4.427e-01      -6.311e-01       1.302e-01           0.024           0.031           0.999       6.734e-02         -0.7684
 246       5.879e-01      -6.312e-01       1.239e-01           0.061           0.030           0.998       7.222e-02         -0.5884
 247       7.397e-01      -6.312e-01       1.126e-01           0.088           0.028           0.996       7.398e-02         -0.4456
 248       8.915e-01      -6.313e-01       9.777e-02           0.107           0.027           0.994       7.251e-02         -0.3262
 249       1.037e+00      -6.313e-01       8.107e-02           0.122           0.026           0.992       6.784e-02         -0.2229
 250       1.169e+00      -6.314e-01       6.408e-02           0.134           0.025           0.991       6.017e-02         -0.1290
 251       1.282e+00      -6.314e-01       4.823e-02           0.144           0.024           0.989       4.984e-02         -0.0385
 252       1.372e+00      -6.314e-01       3.484e-02           0.153           0.023           0.988       3.729e-02          0.0534
 253       1.434e+00      -6.315e-01       2.510e-02           0.159           0.023           0.987       2.307e-02          0.1311
 254       1.466e+00      -6.315e-01       1.903e-02           0.270           0.017           0.963       8.001e-03          0.2318
Strip 9
 255       1.482e+00      -2.449e-01       3.472e-03           0.225          -0.038          -0.974       4.891e-03          0.1793
 256       1.450e+00      -2.449e-01      -1.113e-03           0.112          -0.034          -0.993       1.417e-02          0.1471
 257       1.387e+00      -2.449e-01      -7.933e-03           0.105          -0.034          -0.994       2.292e-02          0.1155
 258       1.296e+00      -2.449e-01      -1.710e-02           0.096          -0.034          -0.995       3.064e-02          0.0762
 259       1.181e+00      -2.449e-01      -2.758e-02           0.086          -0.035          -0.996       3.702e-02          0.0462
 260       1.047e+00      -2.449e-01      -3.831e-02           0.074          -0.035          -0.997       4.176e-02          0.0243
 261       8.998e-01      -2.449e-01      -4.810e-02           0.059          -0.035          -0.998       4.467e-02          0.0090
 262       7.460e-01      -2.449e-01      -5.568e-02           0.039          -0.036          -0.999       4.562e-02          0.0015
 263       5.922e-01      -2.449e-01      -5.970e-02           0.012          -0.036          -0.999       4.459e-02          0.0069
 264       4.451e-01      -2.449e-01      -5.888e-02          -0.025          -0.037          -0.999       4.166e-02          0.0378
 265       3.112e-01      -2.449e-01      -5.239e-02          -0.075          -0.037          -0.997       3.698e-02          0.1215
 266       1.962e-01      -2.449e-01      -4.219e-02          -0.105          -0.037          -0.994       3.067e-02          0.2428
 267       1.053e-01      -2.449e-01      -3.195e-02          -0.122          -0.038          -0.992       2.296e-02          0.3620
 268       4.244e-02      -2.449e-01      -2.091e-02          -0.253          -0.038          -0.967       1.456e-02          0.5763
 269       1.028e-02      -2.449e-01      -3.755e-03          -0.801          -0.029          -0.599       7.954e-03          0.9991
 270       1.028e-02      -2.448e-01       2.264e-02          -0.886           0.009           0.464       1.027e-02         -0.5550
 271       4.244e-02      -2.448e-01       5.516e-02          -0.577           0.024           0.816       1.724e-02         -1.3412
 272       1.053e-01      -2.448e-01       8.625e-02          -0.341           0.030           0.940       2.423e-02         -1.5084
 273       1.962e-01      -2.448e-01       1.081e-01          -0.147           0.032           0.989       3.081e-02         -1.3566
 274       3.112e-01      -2.448e-01       1.178e-01          -0.032           0.032           0.999       3.687e-02         -1.0296
 275       4.451e-01      -2.448e-01       1.182e-01           0.022           0.031           0.999       4.162e-02         -0.7676
 276       5.922e-01      -2.448e-01       1.122e-01           0.059           0.030           0.998       4.463e-02         -0.5876
 277       7.460e-01      -2.448e-01       1.010e-01           0.086           0.028           0.996       4.572e-02         -0.4443
 278       8.998e-01      -2.448e-01       8.628e-02           0.105           0.027           0.994       4.481e-02         -0.3244
 279       1.047e+00      -2.449e-01       6.964e-02           0.120           0.026           0.992       4.192e-02         -0.2207
 280       1.181e+00      -2.449e-01       5.268e-02           0.132           0.025           0.991       3.718e-02         -0.1268
 281       1.296e+00      -2.449e-01       3.684e-02           0.142           0.024           0.990       3.080e-02         -0.0365
 282       1.387e+00      -2.449e-01       2.345e-02           0.151           0.023           0.988       2.304e-02          0.0550
 283       1.450e+00      -2.449e-01       1.370e-02           0.157           0.023           0.987       1.426e-02          0.1321
 284       1.482e+00      -2.449e-01       7.614e-03           0.268           0.017           0.963       4.943e-03          0.2322
Strip 10
 285       1.490e+00      -4.923e-02      -2.337e-03           0.226          -0.038          -0.973       1.655e-03          0.1808
 286       1.457e+00      -4.923e-02      -6.983e-03           0.113          -0.034          -0.993       4.796e-03          0.1483
 287       1.394e+00      -4.923e-02      -1.391e-02           0.106          -0.034          -0.994       7.754e-03          0.1165
 288       1.303e+00      -4.923e-02      -2.322e-02           0.097          -0.035          -0.995       1.037e-02          0.0771
 289       1.187e+00      -4.923e-02      -3.389e-02           0.087          -0.035          -0.996       1.252e-02          0.0469
 290       1.052e+00      -4.923e-02      -4.481e-02           0.075          -0.035          -0.997       1.413e-02          0.0249
 291       9.040e-01      -4.923e-02      -5.480e-02           0.060          -0.035          -0.998       1.511e-02          0.0096
 292       7.492e-01      -4.923e-02      -6.258e-02           0.040          -0.036          -0.999       1.543e-02          0.0020
 293       5.944e-01      -4.923e-02      -6.678e-02           0.013          -0.036          -0.999       1.509e-02          0.0073
 294       4.463e-01      -4.923e-02      -6.609e-02          -0.024          -0.037          -0.999       1.409e-02          0.0375
 295       3.115e-01      -4.923e-02      -5.968e-02          -0.074          -0.037          -0.997       1.251e-02          0.1198
 296       1.958e-01      -4.922e-02      -4.953e-02          -0.104          -0.037          -0.994       1.037e-02          0.2385
 297       1.043e-01      -4.922e-02      -3.931e-02          -0.121          -0.038          -0.992       7.767e-03          0.3532
 298       4.098e-02      -4.922e-02      -2.825e-02          -0.252          -0.038          -0.967       4.924e-03          0.5597
 299       8.614e-03      -4.922e-02      -1.102e-02          -0.800          -0.029          -0.599       2.690e-03          0.9998
 300       8.614e-03      -4.921e-02       1.556e-02          -0.886           0.009           0.464       3.474e-03         -0.5083
 301       4.098e-02      -4.921e-02       4.832e-02          -0.578           0.024           0.816       5.835e-03         -1.3174
 302       1.043e-01      -4.920e-02       7.968e-02          -0.341           0.030           0.939       8.198e-03         -1.5070
 303       1.958e-01      -4.920e-02       1.017e-01          -0.147           0.032           0.989       1.043e-02         -1.3638
 304       3.115e-01      -4.920e-02       1.116e-01          -0.033           0.032           0.999       1.247e-02         -1.0359
 305       4.463e-01      -4.920e-02       1.122e-01           0.021           0.031           0.999       1.408e-02         -0.7709
 306       5.944e-01      -4.920e-02       1.063e-01           0.058           0.030           0.998       1.510e-02         -0.5888
 307       7.492e-01      -4.920e-02       9.516e-02           0.085           0.028           0.996       1.547e-02         -0.4441
 308       9.040e-01      -4.921e-02       8.046e-02           0.104           0.027           0.994       1.516e-02         -0.3231
 309       1.052e+00      -4.921e-02       6.385e-02           0.119           0.026           0.993       1.418e-02         -0.2185
 310       1.187e+00      -4.922e-02       4.691e-02           0.131           0.025           0.991       1.258e-02         -0.1238
 311       1.303e+00      -4.922e-02       3.107e-02           0.141           0.024           0.990       1.042e-02         -0.0329
 312       1.394e+00      -4.922e-02       1.768e-02           0.150           0.023           0.988       7.795e-03          0.0585
 313       1.457e+00      -4.922e-02       7.924e-03           0.156           0.023           0.987       4.823e-03          0.1349
 314       1.490e+00      -4.923e-02       1.832e-03           0.267           0.017           0.964       1.672e-03          0.2342
Strip 11
 315       1.490e+00       4.923e-02      -2.337e-03           0.226           0.038          -0.973       1.655e-03          0.1808
 316       1.457e+00       4.923e-02      -6.983e-03           0.113           0.034          -0.993       4.796e-03          0.1483
 317       1.394e+00       4.923e-02      -1.391e-02           0.106           0.034          -0.994       7.754e-03          0.1165
 318       1.303e+00       4.923e-02      -2.322e-02           0.097           0.035          -0.995       1.037e-02          0.0771
 319       1.187e+00       4.923e-02      -3.389e-02           0.087           0.035          -0.996       1.252e-02          0.0469
 320       1.052e+00       4.923e-02      -4.481e-02           0.075           0.035          -0.997       1.413e-02          0.0249
 321       9.040e-01       4.923e-02      -5.480e-02           0.060           0.035          -0.998       1.511e-02          0.0096
 322       7.492e-01       4.923e-02      -6.258e-02           0.040           0.036          -0.999       1.543e-02          0.0020
 323       5.944e-01       4.923e-02      -6.678e-02           0.013           0.036          -0.999       1.509e-02          0.0073
 324       4.463e-01       4.923e-02      -6.609e-02          -0.024           0.037          -0.999       1.409e-02          0.0375
 325       3.115e-01       4.923e-02      -5.968e-02          -0.074           0.037          -0.997       1.251e-02          0.1198
 326       1.958e-01       4.922e-02      -4.953e-02          -0.104           0.037          -0.994       1.037e-02          0.2385
 327       1.043e-01       4.922e-02      -3.931e-02          -0.121           0.038          -0.992       7.767e-03          0.3532
 328       4.098e-02       4.922e-02      -2.825e-02          -0.252           0.038          -0.967       4.924e-03          0.5597
 329       8.614e-03       4.922e-02      -1.102e-02          -0.800           0.029          -0.599       2.690e-03          0.9998
 330       8.614e-03       4.921e-02       1.556e-02          -0.886          -0.009           0.464       3.474e-03         -0.5083
 331       4.098e-02       4.921e-02       4.832e-02          -0.578          -0.024           0.816       5.835e-03         -1.3174
 332       1.043e-01       4.920e-02       7.968e-02          -0.341          -0.030           0.939       8.198e-03         -1.5070
 333       1.958e-01       4.920e-02       1.017e-01          -0.147          -0.032           0.989       1.043e-02         -1.3638
 334       3.115e-01       4.920e-02       1.116e-01          -0.033          -0.032           0.999       1.247e-02         -1.0359
 335       4.463e-01       4.920e-02       1.122e-01           0.021          -0.031           0.999       1.408e-02         -0.7709
 336       5.944e-01       4.920e-02       1.063e-01           0.058          -0.030           0.998       1.510e-02         -0.5888
 337       7.492e-01       4.920e-02       9.516e-02           0.085          -0.028           0.996       1.547e-02         -0.4441
 338       9.040e-01       4.921e-02       8.046e-02           0.104          -0.027           0.994       1.516e-02         -0.3231
 339       1.052e+00       4.921e-02       6.385e-02           0.119          -0.026           0.993       1.418e-02         -0.2185
 340       1.187e+00       4.922e-02       4.691e-02           0.131          -0.025           0.991       1.258e-02         -0.1238
 341       1.303e+00       4.922e-02       3.107e-02           0.141          -0.024           0.990       1.042e-02         -0.0329
 342       1.394e+00       4.922e-02       1.768e-02           0.150          -0.023           0.988       7.795e-03          0.0585
 343       1.457e+00       4.922e-02       7.924e-03           0.156          -0.023           0.987       4.823e-03          0.1349
 344       1.490e+00       4.923e-02       1.832e-03           0.267          -0.017           0.964       1.672e-03          0.2342
Strip 12
 345       1.482e+00       2.449e-01       3.472e-03           0.225           0.038          -0.974       4.891e-03          0.1793
 346       1.450e+00       2.449e-01      -1.113e-03           0.112           0.034          -0.993       1.417e-02          0.1471
 347       1.387e+00       2.449e-01      -7.933e-03           0.105           0.034          -0.994       2.292e-02          0.1155
 348       1.296e+00       2.449e-01      -1.710e-02           0.096           0.034          -0.995       3.064e-02          0.0762
 349       1.181e+00       2.449e-01      -2.758e-02           0.086           0.035          -0.996       3.702e-02          0.0462
 350       1.047e+00       2.449e-01      -3.831e-02           0.074           0.035          -0.997       4.176e-02          0.0243
 351       8.998e-01       2.449e-01      -4.810e-02           0.059           0.035          -0.998       4.467e-02          0.0090
 352       7.460e-01       2.449e-01      -5.568e-02           0.039           0.036          -0.999       4.562e-02          0.0015
 353       5.922e-01       2.449e-01      -5.970e-02           0.012           0.036          -0.999       4.459e-02          0.0069
 354       4.451e-01       2.449e-01      -5.888e-02          -0.025           0.037          -0.999       4.166e-02          0.0378
 355       3.112e-01       2.449e-01      -5.239e-02          -0.075           0.037          -0.997       3.698e-02          0.1215
 356       1.962e-01       2.449e-01      -4.219e-02          -0.105           0.037          -0.994       3.067e-02          0.2428
 357       1.053e-01       2.449e-01      -3.195e-02          -0.122           0.038          -0.992       2.296e-02          0.3620
 358       4.244e-02       2.449e-01      -2.091e-02          -0.253           0.038          -0.967       1.456e-02          0.5763
 359       1.028e-02       2.449e-01      -3.755e-03          -0.801           0.029          -0.599       7.954e-03          0.9991
 360       1.028e-02       2.448e-01       2.264e-02          -0.886          -0.009           0.464       1.027e-02         -0.5550
 361       4.244e-02       2.448e-01       5.516e-02          -0.577          -0.024           0.816       1.724e-02         -1.3412
 362       1.053e-01       2.448e-01       8.625e-02          -0.341          -0.030           0.940       2.423e-02         -1.5084
 363       1.962e-01       2.448e-01       1.081e-01          -0.147          -0.032           0.989       3.081e-02         -1.3566
 364       3.112e-01       2.448e-01       1.178e-01          -0.032          -0.032           0.999       3.687e-02         -1.0296
 365       4.451e-01       2.448e-01       1.182e-01           0.022          -0.031           0.999       4.162e-02         -0.7676
 366       5.922e-01       2.448e-01       1.122e-01           0.059          -0.030           0.998       4.463e-02         -0.5876
 367       7.460e-01       2.448e-01       1.010e-01           0.086          -0.028           0.996       4.572e-02         -0.4443
 368       8.998e-01       2.448e-01       8.628e-02           0.105          -0.027           0.994       4.481e-02         -0.3244
 369       1.047e+00       2.449e-01       6.964e-02           0.120          -0.026           0.992       4.192e-02         -0.2207
 370       1.181e+00       2.449e-01       5.268e-02           0.132          -0.025           0.991       3.718e-02         -0.1268
 371       1.296e+00       2.449e-01       3.684e-02           0.142          -0.024           0.990       3.080e-02         -0.0365
 372       1.387e+00       2.449e-01       2.345e-02           0.151          -0.023           0.988       2.304e-02          0.0550
 373       1.450e+00       2.449e-01       1.370e-02           0.157          -0.023           0.987       1.426e-02          0.1321
 374       1.482e+00       2.449e-01       7.614e-03           0.268          -0.017           0.963       4.943e-03          0.2322
Strip 13
 375       1.466e+00       6.315e-01       1.495e-02           0.224           0.038          -0.974       7.910e-03          0.1782
 376       1.434e+00       6.315e-01       1.048e-02           0.110           0.034          -0.993       2.293e-02          0.1466
 377       1.372e+00       6.315e-01       3.870e-03           0.103           0.034          -0.994       3.707e-02          0.1152
 378       1.282e+00       6.315e-01      -5.002e-03           0.095           0.034          -0.995       4.957e-02          0.0761
 379       1.169e+00       6.315e-01      -1.514e-02           0.084           0.035          -0.996       5.988e-02          0.0462
 380       1.037e+00       6.315e-01      -2.547e-02           0.072           0.035          -0.997       6.755e-02          0.0246
 381       8.915e-01       6.315e-01      -3.485e-02           0.057           0.035          -0.998       7.226e-02          0.0098
 382       7.397e-01       6.315e-01      -4.205e-02           0.038           0.036          -0.999       7.381e-02          0.0029
 383       5.879e-01       6.315e-01      -4.573e-02           0.011           0.036          -0.999       7.215e-02          0.0094
 384       4.427e-01       6.315e-01      -4.464e-02          -0.027           0.037          -0.999       6.740e-02          0.0418
 385       3.105e-01       6.315e-01      -3.798e-02          -0.077           0.037          -0.996       5.984e-02          0.1276
 386       1.971e-01       6.314e-01      -2.770e-02          -0.106           0.037          -0.994       4.963e-02          0.2511
 387       1.074e-01       6.314e-01      -1.742e-02          -0.123           0.038          -0.992       3.716e-02          0.3736
 388       4.531e-02       6.314e-01      -6.402e-03          -0.255           0.038          -0.966       2.356e-02          0.5935
 389       1.358e-02       6.314e-01       1.059e-02          -0.801           0.029          -0.598       1.288e-02          0.9977
 390       1.358e-02       6.313e-01       3.664e-02          -0.886          -0.009           0.464       1.660e-02         -0.6015
 391       4.531e-02       6.312e-01       6.868e-02          -0.576          -0.024           0.817       2.787e-02         -1.3750
 392       1.074e-01       6.312e-01       9.924e-02          -0.339          -0.030           0.940       3.917e-02         -1.5270
 393       1.971e-01       6.311e-01       1.206e-01          -0.145          -0.032           0.989       4.984e-02         -1.3647
 394       3.105e-01       6.311e-01       1.300e-01          -0.030          -0.032           0.999       5.965e-02         -1.0321
 395       4.427e-01       6.311e-01       1.302e-01           0.024          -0.031           0.999       6.734e-02         -0.7684
 396       5.879e-01       6.312e-01       1.239e-01           0.061          -0.030           0.998       7.222e-02         -0.5884
 397       7.397e-01       6.312e-01       1.126e-01           0.088          -0.028           0.996       7.398e-02         -0.4456
 398       8.915e-01       6.313e-01       9.777e-02           0.107          -0.027           0.994       7.251e-02         -0.3262
 399       1.037e+00       6.313e-01       8.107e-02           0.122          -0.026           0.992       6.784e-02         -0.2229
 400       1.169e+00       6.314e-01       6.408e-02           0.134          -0.025           0.991       6.017e-02         -0.1290
 401       1.282e+00       6.314e-01       4.823e-02           0.144          -0.024           0.989       4.984e-02         -0.0385
 402       1.372e+00       6.314e-01       3.484e-02           0.153          -0.023           0.988       3.729e-02          0.0534
 403       1.434e+00       6.315e-01       2.510e-02           0.159          -0.023           0.987       2.307e-02          0.1311
 404       1.466e+00       6.315e-01       1.903e-02           0.270          -0.017           0.963       8.001e-03          0.2318
Strip 14
 405       1.442e+00       1.199e+00       3.181e-02           0.221           0.038          -0.975       1.058e-02          0.1776
 406       1.411e+00       1.199e+00       2.752e-02           0.107           0.034          -0.994       3.069e-02          0.1468
 407       1.350e+00       1.199e+00       2.121e-02           0.101           0.034          -0.994       4.962e-02          0.1158
 408       1.262e+00       1.199e+00       1.277e-02           0.092           0.034          -0.995       6.635e-02          0.0771
 409       1.151e+00       1.199e+00       3.149e-03           0.081           0.035          -0.996       8.015e-02          0.0478
 410       1.022e+00       1.199e+00      -6.604e-03           0.069           0.035          -0.997       9.042e-02          0.0267
 411       8.793e-01       1.199e+00      -1.539e-02           0.054           0.035          -0.998       9.673e-02          0.0127
 412       7.304e-01       1.199e+00      -2.202e-02           0.035           0.036          -0.999       9.880e-02          0.0070
 413       5.816e-01       1.199e+00      -2.520e-02           0.008           0.036          -0.999       9.659e-02          0.0148
 414       4.392e-01       1.199e+00      -2.371e-02          -0.030           0.037          -0.999       9.025e-02          0.0489
 415       3.096e-01       1.199e+00      -1.681e-02          -0.080           0.037          -0.996       8.014e-02          0.1365
 416       1.984e-01       1.199e+00      -6.404e-03          -0.109           0.037          -0.993       6.647e-02          0.2620
 417       1.104e-01       1.199e+00       3.927e-03          -0.126           0.038          -0.991       4.977e-02          0.3881
 418       4.954e-02       1.199e+00       1.491e-02          -0.257           0.038          -0.966       3.157e-02          0.6141
 419       1.842e-02       1.199e+00       3.166e-02          -0.802           0.029          -0.597       1.727e-02          0.9949
 420       1.842e-02       1.199e+00       5.721e-02          -0.885          -0.009           0.465       2.220e-02         -0.6620
 421       4.954e-02       1.199e+00       8.853e-02          -0.575          -0.024           0.818       3.726e-02         -1.4226
 422       1.104e-01       1.199e+00       1.183e-01          -0.337          -0.030           0.941       5.240e-02         -1.5583
 423       1.984e-01       1.199e+00       1.390e-01          -0.142          -0.032           0.989       6.670e-02         -1.3838
 424       3.096e-01       1.199e+00       1.479e-01          -0.027          -0.032           0.999       7.985e-02         -1.0431
 425       4.392e-01       1.199e+00       1.477e-01           0.026          -0.031           0.999       9.017e-02         -0.7750
 426       5.816e-01       1.199e+00       1.412e-01           0.064          -0.030           0.998       9.671e-02         -0.5927
 427       7.304e-01       1.199e+00       1.296e-01           0.091          -0.028           0.995       9.908e-02         -0.4487
 428       8.793e-01       1.199e+00       1.147e-01           0.110          -0.027           0.994       9.711e-02         -0.3286
 429       1.022e+00       1.199e+00       9.787e-02           0.125          -0.026           0.992       9.086e-02         -0.2247
 430       1.151e+00       1.199e+00       8.083e-02           0.137          -0.025           0.990       8.059e-02         -0.1305
 431       1.262e+00       1.199e+00       6.497e-02           0.147          -0.024           0.989       6.676e-02         -0.0395
 432       1.350e+00       1.199e+00       5.158e-02           0.155          -0.023           0.988       4.995e-02          0.0529
 433       1.411e+00       1.199e+00       4.185e-02           0.162          -0.023           0.987       3.091e-02          0.1310
 434       1.442e+00       1.199e+00       3.581e-02           0.272          -0.017           0.962       1.072e-02          0.2324
Strip 15
 435       1.412e+00       1.935e+00       5.363e-02           0.217           0.038          -0.975       1.281e-02          0.1773
 436       1.382e+00       1.935e+00       4.957e-02           0.103           0.034          -0.994       3.715e-02          0.1475
 437       1.323e+00       1.935e+00       4.366e-02           0.097           0.034          -0.995       6.007e-02          0.1171
 438       1.237e+00       1.935e+00       3.577e-02           0.088           0.034          -0.996       8.032e-02          0.0791
 439       1.128e+00       1.935e+00       2.683e-02           0.078           0.034          -0.996       9.703e-02          0.0505
 440       1.002e+00       1.935e+00       1.782e-02           0.065           0.035          -0.997       1.095e-01          0.0303
 441       8.635e-01       1.935e+00       9.799e-03           0.050           0.035          -0.998       1.171e-01          0.0174
 442       7.185e-01       1.935e+00       3.913e-03           0.031           0.036          -0.999       1.196e-01          0.0129
 443       5.734e-01       1.935e+00       1.386e-03           0.004           0.036          -0.999       1.170e-01          0.0224
 444       4.347e-01       1.935e+00       3.376e-03          -0.034           0.037          -0.999       1.093e-01          0.0584
 445       3.084e-01       1.935e+00       1.060e-02          -0.083           0.037          -0.996       9.708e-02          0.1480
 446       2.000e-01       1.935e+00       2.116e-02          -0.113           0.037          -0.993       8.053e-02          0.2759
 447       1.143e-01       1.934e+00       3.157e-02          -0.130           0.038          -0.991       6.030e-02          0.4062
 448       5.501e-02       1.934e+00       4.250e-02          -0.261           0.038          -0.965       3.827e-02          0.6398
 449       2.469e-02       1.934e+00       5.894e-02          -0.803           0.029          -0.596       2.096e-02          0.9895
 450       2.469e-02       1.934e+00       8.384e-02          -0.885          -0.009           0.465       2.684e-02         -0.7415
 451       5.501e-02       1.934e+00       1.142e-01          -0.573          -0.024           0.820       4.504e-02         -1.4863
 452       1.143e-01       1.934e+00       1.430e-01          -0.333          -0.030           0.942       6.338e-02         -1.6012
 453       2.000e-01       1.934e+00       1.628e-01          -0.138          -0.032           0.990       8.073e-02         -1.4111
 454       3.084e-01       1.934e+00       1.711e-01          -0.023          -0.032           0.999       9.670e-02         -1.0597
 455       4.347e-01       1.934e+00       1.704e-01           0.030          -0.031           0.999       1.092e-01         -0.7856
 456       5.734e-01       1.934e+00       1.635e-01           0.068          -0.030           0.997       1.172e-01         -0.5999
 457       7.185e-01       1.934e+00       1.517e-01           0.094          -0.028           0.995       1.200e-01         -0.4536
 458       8.635e-01       1.934e+00       1.365e-01           0.114          -0.027           0.993       1.177e-01         -0.3319
 459       1.002e+00       1.934e+00       1.196e-01           0.129          -0.026           0.991       1.101e-01         -0.2270
 460       1.128e+00       1.934e+00       1.025e-01           0.140          -0.025           0.990       9.766e-02         -0.1319
 461       1.237e+00       1.934e+00       8.663e-02           0.151          -0.024           0.988       8.090e-02         -0.0402
 462       1.323e+00       1.935e+00       7.325e-02           0.159          -0.023           0.987       6.054e-02          0.0527
 463       1.382e+00       1.935e+00       6.354e-02           0.166          -0.022           0.986       3.746e-02          0.1314
 464       1.412e+00       1.935e+00       5.754e-02           0.276          -0.017           0.961       1.300e-02          0.2337
Strip 16
 465       1.376e+00       2.819e+00       7.989e-02           0.213           0.038          -0.976       1.450e-02          0.1769
 466       1.346e+00       2.819e+00       7.611e-02           0.098           0.034          -0.995       4.210e-02          0.1486
 467       1.289e+00       2.819e+00       7.067e-02           0.092           0.034          -0.995       6.807e-02          0.1189
 468       1.206e+00       2.819e+00       6.344e-02           0.083           0.034          -0.996       9.103e-02          0.0817
 469       1.101e+00       2.819e+00       5.531e-02           0.073           0.034          -0.997       1.100e-01          0.0539
 470       9.788e-01       2.819e+00       4.720e-02           0.060           0.035          -0.998       1.241e-01          0.0348
 471       8.445e-01       2.819e+00       4.010e-02           0.045           0.035          -0.998       1.328e-01          0.0231
 472       7.040e-01       2.819e+00       3.511e-02           0.026           0.036          -0.999       1.356e-01          0.0202
 473       5.636e-01       2.819e+00       3.337e-02          -0.001           0.036          -0.999       1.326e-01          0.0315
 474       4.293e-01       2.819e+00       3.596e-02          -0.039           0.037          -0.999       1.240e-01          0.0698
 475       3.070e-01       2.819e+00       4.358e-02          -0.088           0.037          -0.995       1.101e-01          0.1618
 476       2.020e-01       2.819e+00       5.433e-02          -0.118           0.037          -0.992       9.136e-02          0.2923
 477       1.190e-01       2.819e+00       6.482e-02          -0.135           0.038          -0.990       6.841e-02          0.4275
 478       6.159e-02       2.819e+00       7.569e-02          -0.265           0.038          -0.963       4.345e-02          0.6690
 479       3.223e-02       2.819e+00       9.176e-02          -0.804           0.029          -0.594       2.382e-02          0.9805
 480       3.223e-02       2.818e+00       1.159e-01          -0.885          -0.009           0.466       3.037e-02         -0.8389
 481       6.159e-02       2.818e+00       1.452e-01          -0.570          -0.024           0.821       5.095e-02         -1.5643
 482       1.190e-01       2.818e+00       1.728e-01          -0.329          -0.030           0.944       7.175e-02         -1.6537
 483       2.020e-01       2.818e+00       1.915e-01          -0.133          -0.032           0.991       9.147e-02         -1.4445
 484       3.070e-01       2.818e+00       1.990e-01          -0.018          -0.032           0.999       1.096e-01         -1.0800
 485       4.293e-01       2.818e+00       1.977e-01           0.035          -0.031           0.999       1.238e-01         -0.7986
 486       5.636e-01       2.818e+00       1.904e-01           0.073          -0.029           0.997       1.329e-01         -0.6086
 487       7.040e-01       2.818e+00       1.782e-01           0.099          -0.028           0.995       1.362e-01         -0.4595
 488       8.445e-01       2.818e+00       1.628e-01           0.119          -0.027           0.993       1.335e-01         -0.3359
 489       9.788e-01       2.818e+00       1.458e-01           0.133          -0.026           0.991       1.249e-01         -0.2295
 490       1.101e+00       2.819e+00       1.286e-01           0.145          -0.025           0.989       1.108e-01         -0.1333
 491       1.206e+00       2.819e+00       1.127e-01           0.155          -0.024           0.988       9.180e-02         -0.0408
 492       1.289e+00       2.819e+00       9.932e-02           0.164          -0.023           0.986       6.869e-02          0.0528
 493       1.346e+00       2.819e+00       8.963e-02           0.170          -0.022           0.985       4.250e-02          0.1320
 494       1.376e+00       2.819e+00       8.367e-02           0.280          -0.017           0.960       1.476e-02          0.2354
Strip 17
 495       1.334e+00       3.831e+00       1.099e-01           0.207           0.038          -0.978       1.563e-02          0.1764
 496       1.306e+00       3.831e+00       1.065e-01           0.092           0.034          -0.995       4.541e-02          0.1498
 497       1.251e+00       3.831e+00       1.016e-01           0.086           0.034          -0.996       7.343e-02          0.1209
 498       1.171e+00       3.831e+00       9.510e-02           0.077           0.034          -0.996       9.820e-02          0.0845
 499       1.070e+00       3.832e+00       8.789e-02           0.066           0.034          -0.997       1.186e-01          0.0576
 500       9.520e-01       3.832e+00       8.081e-02           0.054           0.035          -0.998       1.339e-01          0.0396
 501       8.227e-01       3.832e+00       7.478e-02           0.039           0.035          -0.999       1.433e-01          0.0292
 502       6.875e-01       3.832e+00       7.080e-02           0.020           0.036          -0.999       1.464e-01          0.0278
 503       5.523e-01       3.832e+00       6.995e-02          -0.007           0.036          -0.999       1.432e-01          0.0411
 504       4.231e-01       3.831e+00       7.325e-02          -0.045           0.037          -0.998       1.338e-01          0.0818
 505       3.053e-01       3.831e+00       8.130e-02          -0.095           0.037          -0.995       1.189e-01          0.1764
 506       2.043e-01       3.831e+00       9.227e-02          -0.124           0.037          -0.992       9.868e-02          0.3096
 507       1.244e-01       3.831e+00       1.029e-01          -0.141           0.038          -0.989       7.390e-02          0.4498
 508       6.912e-02       3.831e+00       1.137e-01          -0.271           0.038          -0.962       4.697e-02          0.6988
 509       4.086e-02       3.830e+00       1.293e-01          -0.805           0.029          -0.593       2.579e-02          0.9679
 510       4.086e-02       3.830e+00       1.525e-01          -0.884          -0.009           0.467       3.270e-02         -0.9457
 511       6.912e-02       3.830e+00       1.805e-01          -0.566          -0.025           0.824       5.484e-02         -1.6504
 512       1.244e-01       3.829e+00       2.068e-01          -0.324          -0.030           0.946       7.730e-02         -1.7110
 513       2.043e-01       3.829e+00       2.243e-01          -0.127          -0.032           0.991       9.865e-02         -1.4803
 514       3.053e-01       3.829e+00       2.309e-01          -0.012          -0.032           0.999       1.183e-01         -1.1012
 515       4.231e-01       3.829e+00       2.289e-01           0.041          -0.031           0.999       1.337e-01         -0.8120
 516       5.523e-01       3.829e+00       2.211e-01           0.079          -0.029           0.996       1.435e-01         -0.6172
 517       6.875e-01       3.830e+00       2.085e-01           0.105          -0.028           0.994       1.471e-01         -0.4651
 518       8.227e-01       3.830e+00       1.929e-01           0.125          -0.027           0.992       1.442e-01         -0.3394
 519       9.520e-01       3.830e+00       1.757e-01           0.139          -0.026           0.990       1.349e-01         -0.2316
 520       1.070e+00       3.831e+00       1.584e-01           0.151          -0.024           0.988       1.197e-01         -0.1344
 521       1.171e+00       3.831e+00       1.425e-01           0.161          -0.023           0.987       9.918e-02         -0.0411
 522       1.251e+00       3.831e+00       1.292e-01           0.170          -0.023           0.985       7.422e-02          0.0532
 523       1.306e+00       3.831e+00       1.195e-01           0.176          -0.022           0.984       4.592e-02          0.1331
 524       1.334e+00       3.831e+00       1.136e-01           0.286          -0.017           0.958       1.596e-02          0.2377
Strip 18
 525       1.288e+00       4.946e+00       1.430e-01           0.200           0.037          -0.979       1.619e-02          0.1758
 526       1.261e+00       4.946e+00       1.399e-01           0.085           0.033          -0.996       4.707e-02          0.1509
 527       1.208e+00       4.946e+00       1.356e-01           0.078           0.033          -0.996       7.611e-02          0.1226
 528       1.132e+00       4.946e+00       1.300e-01           0.070           0.034          -0.997       1.018e-01          0.0867
 529       1.035e+00       4.946e+00       1.238e-01           0.059           0.034          -0.998       1.230e-01          0.0605
 530       9.225e-01       4.946e+00       1.178e-01           0.047           0.034          -0.998       1.388e-01          0.0433
 531       7.988e-01       4.946e+00       1.130e-01           0.032           0.035          -0.999       1.485e-01          0.0339
 532       6.694e-01       4.946e+00       1.101e-01           0.012           0.035          -0.999       1.518e-01          0.0338
 533       5.400e-01       4.946e+00       1.103e-01          -0.015           0.036          -0.999       1.485e-01          0.0489
 534       4.162e-01       4.946e+00       1.143e-01          -0.052           0.036          -0.998       1.389e-01          0.0916
 535       3.035e-01       4.946e+00       1.228e-01          -0.102           0.037          -0.994       1.234e-01          0.1886
 536       2.068e-01       4.946e+00       1.341e-01          -0.131           0.037          -0.991       1.024e-01          0.3243
 537       1.303e-01       4.945e+00       1.448e-01          -0.148           0.038          -0.988       7.673e-02          0.4686
 538       7.742e-02       4.945e+00       1.555e-01          -0.277           0.038          -0.960       4.881e-02          0.7230
 539       5.037e-02       4.945e+00       1.707e-01          -0.807           0.029          -0.590       2.684e-02          0.9548
 540       5.037e-02       4.944e+00       1.929e-01          -0.883          -0.009           0.469       3.382e-02         -1.0378
 541       7.742e-02       4.944e+00       2.195e-01          -0.562          -0.025           0.827       5.669e-02         -1.7267
 542       1.303e-01       4.943e+00       2.442e-01          -0.318          -0.030           0.948       7.999e-02         -1.7606
 543       2.068e-01       4.943e+00       2.605e-01          -0.120          -0.032           0.992       1.022e-01         -1.5095
 544       3.035e-01       4.943e+00       2.660e-01          -0.005          -0.032           0.999       1.227e-01         -1.1171
 545       4.162e-01       4.943e+00       2.633e-01           0.049          -0.031           0.998       1.387e-01         -0.8207
 546       5.400e-01       4.943e+00       2.549e-01           0.086          -0.029           0.996       1.489e-01         -0.6220
 547       6.694e-01       4.944e+00       2.420e-01           0.113          -0.028           0.993       1.527e-01         -0.4674
 548       7.988e-01       4.944e+00       2.260e-01           0.132          -0.027           0.991       1.497e-01         -0.3402
 549       9.225e-01       4.945e+00       2.087e-01           0.147          -0.025           0.989       1.401e-01         -0.2314
 550       1.035e+00       4.945e+00       1.913e-01           0.158          -0.024           0.987       1.243e-01         -0.1336
 551       1.132e+00       4.945e+00       1.754e-01           0.168          -0.023           0.985       1.030e-01         -0.0400
 552       1.208e+00       4.946e+00       1.620e-01           0.177          -0.022           0.984       7.708e-02          0.0546
 553       1.261e+00       4.946e+00       1.524e-01           0.183          -0.022           0.983       4.770e-02          0.1347
 554       1.288e+00       4.946e+00       1.465e-01           0.292          -0.016           0.956       1.658e-02          0.2405
Strip 19
 555       1.239e+00       6.136e+00       1.783e-01           0.192           0.037          -0.981       1.620e-02          0.1744
 556       1.214e+00       6.136e+00       1.756e-01           0.076           0.033          -0.997       4.714e-02          0.1510
 557       1.163e+00       6.136e+00       1.719e-01           0.070           0.033          -0.997       7.624e-02          0.1224
 558       1.090e+00       6.136e+00       1.672e-01           0.061           0.033          -0.998       1.020e-01          0.0862
 559       9.983e-01       6.136e+00       1.621e-01           0.051           0.034          -0.998       1.232e-01          0.0597
 560       8.910e-01       6.136e+00       1.573e-01           0.038           0.034          -0.999       1.391e-01          0.0422
 561       7.732e-01       6.136e+00       1.537e-01           0.023           0.035          -0.999       1.488e-01          0.0328
 562       6.500e-01       6.136e+00       1.521e-01           0.004           0.035          -0.999       1.521e-01          0.0328
 563       5.267e-01       6.136e+00       1.533e-01          -0.023           0.036          -0.999       1.488e-01          0.0482
 564       4.089e-01       6.136e+00       1.581e-01          -0.061           0.036          -0.997       1.392e-01          0.0917
 565       3.016e-01       6.136e+00       1.672e-01          -0.110           0.037          -0.993       1.238e-01          0.1898
 566       2.095e-01       6.135e+00       1.787e-01          -0.140           0.037          -0.989       1.028e-01          0.3265
 567       1.367e-01       6.135e+00       1.895e-01          -0.156           0.038          -0.987       7.700e-02          0.4719
 568       8.627e-02       6.135e+00       2.001e-01          -0.285           0.038          -0.958       4.904e-02          0.7266
 569       6.051e-02       6.134e+00       2.148e-01          -0.808           0.029          -0.588       2.702e-02          0.9530
 570       6.051e-02       6.134e+00       2.360e-01          -0.882          -0.010           0.470       3.378e-02         -1.0469
 571       8.627e-02       6.133e+00       2.611e-01          -0.558          -0.025           0.830       5.660e-02         -1.7428
 572       1.367e-01       6.133e+00       2.842e-01          -0.311          -0.030           0.950       7.997e-02         -1.7670
 573       2.095e-01       6.132e+00       2.991e-01          -0.112          -0.032           0.993       1.024e-01         -1.5063
 574       3.016e-01       6.132e+00       3.035e-01           0.004          -0.032           0.999       1.230e-01         -1.1088
 575       4.089e-01       6.132e+00       3.001e-01           0.057          -0.030           0.998       1.391e-01         -0.8109
 576       5.267e-01       6.133e+00       2.910e-01           0.094          -0.029           0.995       1.494e-01         -0.6118
 577       6.500e-01       6.133e+00       2.776e-01           0.121          -0.028           0.992       1.532e-01         -0.4576
 578       7.732e-01       6.133e+00       2.614e-01           0.140          -0.026           0.990       1.502e-01         -0.3313
 579       8.910e-01       6.134e+00       2.438e-01           0.155          -0.025           0.988       1.406e-01         -0.2238
 580       9.983e-01       6.134e+00       2.264e-01           0.167          -0.024           0.986       1.248e-01         -0.1273
 581       1.090e+00       6.135e+00       2.104e-01           0.177          -0.023           0.984       1.034e-01         -0.0351
 582       1.163e+00       6.135e+00       1.971e-01           0.185          -0.022           0.982       7.738e-02          0.0582
 583       1.214e+00       6.135e+00       1.875e-01           0.191          -0.021           0.981       4.788e-02          0.1375
 584       1.239e+00       6.136e+00       1.817e-01           0.300          -0.016           0.954       1.666e-02          0.2439
Strip 20
 585       1.189e+00       7.371e+00       2.150e-01           0.183           0.037          -0.982       1.572e-02          0.1698
 586       1.164e+00       7.371e+00       2.126e-01           0.067           0.033          -0.997       4.578e-02          0.1466
 587       1.116e+00       7.371e+00       2.097e-01           0.060           0.033          -0.998       7.404e-02          0.1151
 588       1.047e+00       7.372e+00       2.058e-01           0.051           0.033          -0.998       9.904e-02          0.0762
 589       9.601e-01       7.372e+00       2.019e-01           0.041           0.033          -0.999       1.197e-01          0.0471
 590       8.583e-01       7.372e+00       1.984e-01           0.029           0.034          -0.999       1.351e-01          0.0272
 591       7.466e-01       7.372e+00       1.961e-01           0.014           0.035          -0.999       1.446e-01          0.0149
 592       6.298e-01       7.372e+00       1.956e-01          -0.006           0.035          -0.999       1.479e-01          0.0115
 593       5.130e-01       7.372e+00       1.979e-01          -0.033           0.036          -0.999       1.447e-01          0.0224
 594       4.013e-01       7.371e+00       2.037e-01          -0.071           0.036          -0.997       1.354e-01          0.0604
 595       2.996e-01       7.371e+00       2.133e-01          -0.120           0.037          -0.992       1.205e-01          0.1530
 596       2.123e-01       7.371e+00       2.250e-01          -0.149           0.037          -0.988       1.000e-01          0.2836
 597       1.432e-01       7.370e+00       2.359e-01          -0.166           0.038          -0.985       7.496e-02          0.4167
 598       9.547e-02       7.370e+00       2.465e-01          -0.294           0.038          -0.955       4.779e-02          0.6518
 599       7.104e-02       7.370e+00       2.607e-01          -0.811           0.029          -0.585       2.639e-02          0.9876
 600       7.104e-02       7.369e+00       2.807e-01          -0.881          -0.010           0.472       3.271e-02         -0.7489
 601       9.547e-02       7.368e+00       3.043e-01          -0.552          -0.025           0.834       5.476e-02         -1.5207
 602       1.432e-01       7.368e+00       3.257e-01          -0.302          -0.030           0.953       7.750e-02         -1.5977
 603       2.123e-01       7.367e+00       3.391e-01          -0.102          -0.032           0.994       9.938e-02         -1.3685
 604       2.996e-01       7.367e+00       3.425e-01           0.014          -0.032           0.999       1.195e-01         -0.9976
 605       4.013e-01       7.367e+00       3.382e-01           0.067          -0.030           0.997       1.353e-01         -0.7186
 606       5.130e-01       7.368e+00       3.285e-01           0.104          -0.029           0.994       1.453e-01         -0.5337
 607       6.298e-01       7.368e+00       3.147e-01           0.131          -0.028           0.991       1.490e-01         -0.3929
 608       7.466e-01       7.369e+00       2.981e-01           0.150          -0.026           0.988       1.462e-01         -0.2798
 609       8.583e-01       7.369e+00       2.804e-01           0.164          -0.025           0.986       1.369e-01         -0.1846
 610       9.601e-01       7.370e+00       2.628e-01           0.176          -0.024           0.984       1.215e-01         -0.0992
 611       1.047e+00       7.370e+00       2.468e-01           0.186          -0.022           0.982       1.007e-01         -0.0164
 612       1.116e+00       7.371e+00       2.335e-01           0.195          -0.022           0.981       7.534e-02          0.0694
 613       1.164e+00       7.371e+00       2.239e-01           0.201          -0.021           0.979       4.663e-02          0.1430
 614       1.189e+00       7.371e+00       2.182e-01           0.308          -0.015           0.951       1.624e-02          0.2472










