0.02092918551258193, 2.999861523371753
0.02082307559402649, 2.9258788423806448
0.022648396600856373, 3.0606155844201917
0.02574496233239635, 3.0842786293448894
0.028885234411942427, 3.058225703412659
0.030721786684410814, 3.0133159836330314
0.03250045324081587, 2.9786276334903246
0.033941259487867685, 2.93888995854111
0.03581498473090134, 2.8934137090323375
0.03768877382825637, 2.8478648252329943
0.03885849658228673, 2.8009274783339224
0.041625294299337125, 2.7504338397068864
0.04368750419610485, 2.6991449180197877
0.0455602716243178, 2.6547581828695845
0.04743367759574455, 2.6096451048136684
0.04893185961115421, 2.574172033838792
0.05024131219793115, 2.5447900664894316
0.05193520623026531, 2.495283197707124
0.05435951683751886, 2.449281960730838
0.056607359988502824, 2.3954238338169933
0.058917451600702435, 2.3402876227517506
0.06060013269595332, 2.3035354699017043
0.06296362058398183, 2.257190535562473
0.06501796043563932, 2.2148537901882834
0.06706795211207894, 2.1774630941244233
0.06922825212870484, 2.1337901590668045
0.07154024036628356, 2.0963621196274937
0.07377588658171322, 2.056378006906698
0.07619808433731418, 2.012780138685227
0.07879744932835486, 1.9762431615952516
0.0809265918569139, 1.9382134947216758
0.0836327493996124, 1.8993934880890384
0.08604882018104273, 1.862765052986668
0.08883752780491352, 1.8194394524966424
0.0918034343379946, 1.783138714224139
0.09458734021825363, 1.7452750970925486
0.09755636661773154, 1.7054255107936211
0.10088968192069, 1.6683745396739846
0.10441231895179007, 1.624558724237521
0.10811199387416873, 1.5879509289157996
0.11218339619865308, 1.5456804565872861
0.11625146068361067, 1.5072067767204524
0.12031459097100697, 1.4743457465795808
0.12438105909793004, 1.437687923977029
0.1284447698791571, 1.404166582103692
0.13250673917889189, 1.3726261754277527
0.13656827310825367, 1.3415810025511634
0.1406294200417283, 1.3109760374962178
0.1446888738681966, 1.282296981660965
0.14874837606915076, 1.2535628998480068
0.15280628191207044, 1.2266446752993305
0.15686244627349785, 1.2017073859480525
0.1609166756554895, 1.178971135704995
0.1649768067247603, 1.1495217161818645
0.16903195522198397, 1.1257399723624024
0.1730834756327655, 1.1060851768708533
0.1771408009818544, 1.0798272640546434
0.18119261163955128, 1.059842312696861
0.185250952852844, 1.0324288543488351
0.1893033440043716, 1.0117835912585869
0.19335457416823776, 0.9924589516332709
0.19740565920864622, 0.9732993899410709
0.2014565120515224, 0.9544039529418575
0.20550536219068252, 0.9377865914196533
0.20955467672490724, 0.9206409805114757
0.21360317856776895, 0.9044198060287503
0.21764947453407374, 0.890707816129396
0.22169997908065148, 0.8722085661696628
0.22574685554078705, 0.857836264537843
0.2297946027416688, 0.8424734953073232
0.23384205969563515, 0.827440881943037
0.2378907453615432, 0.8110106087450304
0.24193407113441412, 0.8006772138767948
0.24597906098959982, 0.7884509253754897
0.2500263147707254, 0.7736494211175668
0.2540710724283788, 0.7616872573092479
0.25811577203664915, 0.7497911246741755
0.26216090701529254, 0.737399758239754
0.2662072029815974, 0.7236877683403997
0.2702524830836985, 0.7111313239728614
0.27429631195122267, 0.7002256589364886
0.278340092444261, 0.6893750198778212
0.2823845501801019, 0.6777540171312757
0.2864311363933221, 0.6637118713656887
0.2904752555077617, 0.6524760504630827
0.2945196648691167, 0.6409100736942435
0.2985634937366409, 0.6300044086578707
0.30260703235724973, 0.6194288994877306
0.30664940999019713, 0.6101740137825229
0.3106930937342637, 0.5994334266792665
0.3147341652560919, 0.5916642423721075
0.3187727696791394, 0.5867013829279291
0.322817266114569, 0.5750363593992205
0.3268602822907302, 0.5650551307882994
0.32961554183703834, 0.5597767185258182
